1.000000 1.000000 0.785398 1.414214
1.000000 0.990000 0.780373 1.407160
1.000000 0.980000 0.775297 1.400143
1.000000 0.970000 0.770171 1.393162
1.000000 0.960000 0.764993 1.386218
1.000000 0.950000 0.759763 1.379311
1.000000 0.940000 0.754480 1.372443
1.000000 0.930000 0.749145 1.365613
1.000000 0.920000 0.743756 1.358823
1.000000 0.910000 0.738313 1.352072
1.000000 0.900000 0.732815 1.345362
1.000000 0.890000 0.727263 1.338693
1.000000 0.880000 0.721655 1.332066
1.000000 0.870000 0.715991 1.325481
1.000000 0.860000 0.710271 1.318939
1.000000 0.850000 0.704494 1.312440
1.000000 0.840000 0.698660 1.305986
1.000000 0.830000 0.692768 1.299577
1.000000 0.820000 0.686818 1.293213
1.000000 0.810000 0.680809 1.286895
1.000000 0.800000 0.674741 1.280625
1.000000 0.790000 0.668614 1.274402
1.000000 0.780000 0.662426 1.268227
1.000000 0.770000 0.656179 1.262101
1.000000 0.760000 0.649870 1.256025
1.000000 0.750000 0.643501 1.250000
1.000000 0.740000 0.637070 1.244026
1.000000 0.730000 0.630578 1.238103
1.000000 0.720000 0.624023 1.232234
1.000000 0.710000 0.617406 1.226418
1.000000 0.700000 0.610726 1.220656
1.000000 0.690000 0.603983 1.214949
1.000000 0.680000 0.597177 1.209297
1.000000 0.670000 0.590307 1.203703
1.000000 0.660000 0.583373 1.198165
1.000000 0.650000 0.576375 1.192686
1.000000 0.640000 0.569313 1.187266
1.000000 0.630000 0.562187 1.181905
1.000000 0.620000 0.554996 1.176605
1.000000 0.610000 0.547740 1.171367
1.000000 0.600000 0.540420 1.166190
1.000000 0.590000 0.533034 1.161077
1.000000 0.580000 0.525584 1.156028
1.000000 0.570000 0.518069 1.151043
1.000000 0.560000 0.510488 1.146124
1.000000 0.550000 0.502843 1.141271
1.000000 0.540000 0.495133 1.136486
1.000000 0.530000 0.487359 1.131769
1.000000 0.520000 0.479519 1.127120
1.000000 0.510000 0.471616 1.122542
1.000000 0.500000 0.463648 1.118034
1.000000 0.490000 0.455616 1.113598
1.000000 0.480000 0.447520 1.109234
1.000000 0.470000 0.439361 1.104943
1.000000 0.460000 0.431139 1.100727
1.000000 0.450000 0.422854 1.096586
1.000000 0.440000 0.414507 1.092520
1.000000 0.430000 0.406098 1.088531
1.000000 0.420000 0.397628 1.084620
1.000000 0.410000 0.389097 1.080787
1.000000 0.400000 0.380506 1.077033
1.000000 0.390000 0.371856 1.073359
1.000000 0.380000 0.363147 1.069766
1.000000 0.370000 0.354380 1.066255
1.000000 0.360000 0.345556 1.062826
1.000000 0.350000 0.336675 1.059481
1.000000 0.340000 0.327739 1.056220
1.000000 0.330000 0.318748 1.053043
1.000000 0.320000 0.309703 1.049952
1.000000 0.310000 0.300606 1.046948
1.000000 0.300000 0.291457 1.044031
1.000000 0.290000 0.282257 1.041201
1.000000 0.280000 0.273009 1.038460
1.000000 0.270000 0.263712 1.035809
1.000000 0.260000 0.254368 1.033247
1.000000 0.250000 0.244979 1.030776
1.000000 0.240000 0.235545 1.028397
1.000000 0.230000 0.226068 1.026109
1.000000 0.220000 0.216550 1.023914
1.000000 0.210000 0.206992 1.021812
1.000000 0.200000 0.197396 1.019804
1.000000 0.190000 0.187762 1.017890
1.000000 0.180000 0.178093 1.016071
1.000000 0.170000 0.168390 1.014347
1.000000 0.160000 0.158655 1.012719
1.000000 0.150000 0.148890 1.011187
1.000000 0.140000 0.139096 1.009752
1.000000 0.130000 0.129275 1.008415
1.000000 0.120000 0.119429 1.007174
1.000000 0.110000 0.109560 1.006032
1.000000 0.100000 0.099669 1.004988
1.000000 0.090000 0.089758 1.004042
1.000000 0.080000 0.079830 1.003195
1.000000 0.070000 0.069886 1.002447
1.000000 0.060000 0.059928 1.001798
1.000000 0.050000 0.049958 1.001249
1.000000 0.040000 0.039979 1.000800
1.000000 0.030000 0.029991 1.000450
1.000000 0.020000 0.019997 1.000200
1.000000 0.010000 0.010000 1.000050
1.000000 -0.000000 -0.000000 1.000000
1.000000 -0.010000 -0.010000 1.000050
1.000000 -0.020000 -0.019997 1.000200
1.000000 -0.030000 -0.029991 1.000450
1.000000 -0.040000 -0.039979 1.000800
1.000000 -0.050000 -0.049958 1.001249
1.000000 -0.060000 -0.059928 1.001798
1.000000 -0.070000 -0.069886 1.002447
1.000000 -0.080000 -0.079830 1.003195
1.000000 -0.090000 -0.089758 1.004042
1.000000 -0.100000 -0.099669 1.004988
1.000000 -0.110000 -0.109560 1.006032
1.000000 -0.120000 -0.119429 1.007174
1.000000 -0.130000 -0.129275 1.008415
1.000000 -0.140000 -0.139096 1.009752
1.000000 -0.150000 -0.148890 1.011187
1.000000 -0.160000 -0.158655 1.012719
1.000000 -0.170000 -0.168390 1.014347
1.000000 -0.180000 -0.178093 1.016071
1.000000 -0.190000 -0.187762 1.017890
1.000000 -0.200000 -0.197396 1.019804
1.000000 -0.210000 -0.206992 1.021812
1.000000 -0.220000 -0.216550 1.023914
1.000000 -0.230000 -0.226068 1.026109
1.000000 -0.240000 -0.235545 1.028397
1.000000 -0.250000 -0.244979 1.030776
1.000000 -0.260000 -0.254368 1.033247
1.000000 -0.270000 -0.263712 1.035809
1.000000 -0.280000 -0.273009 1.038460
1.000000 -0.290000 -0.282257 1.041201
1.000000 -0.300000 -0.291457 1.044031
1.000000 -0.310000 -0.300606 1.046948
1.000000 -0.320000 -0.309703 1.049952
1.000000 -0.330000 -0.318748 1.053043
1.000000 -0.340000 -0.327739 1.056220
1.000000 -0.350000 -0.336675 1.059481
1.000000 -0.360000 -0.345556 1.062826
1.000000 -0.370000 -0.354380 1.066255
1.000000 -0.380000 -0.363147 1.069766
1.000000 -0.390000 -0.371856 1.073359
1.000000 -0.400000 -0.380506 1.077033
1.000000 -0.410000 -0.389097 1.080787
1.000000 -0.420000 -0.397628 1.084620
1.000000 -0.430000 -0.406098 1.088531
1.000000 -0.440000 -0.414507 1.092520
1.000000 -0.450000 -0.422854 1.096586
1.000000 -0.460000 -0.431139 1.100727
1.000000 -0.470000 -0.439361 1.104943
1.000000 -0.480000 -0.447520 1.109234
1.000000 -0.490000 -0.455616 1.113598
1.000000 -0.500000 -0.463648 1.118034
1.000000 -0.510000 -0.471616 1.122542
1.000000 -0.520000 -0.479519 1.127120
1.000000 -0.530000 -0.487359 1.131769
1.000000 -0.540000 -0.495133 1.136486
1.000000 -0.550000 -0.502843 1.141271
1.000000 -0.560000 -0.510488 1.146124
1.000000 -0.570000 -0.518069 1.151043
1.000000 -0.580000 -0.525584 1.156028
1.000000 -0.590000 -0.533034 1.161077
1.000000 -0.600000 -0.540420 1.166190
1.000000 -0.610000 -0.547740 1.171367
1.000000 -0.620000 -0.554996 1.176605
1.000000 -0.630000 -0.562187 1.181905
1.000000 -0.640000 -0.569313 1.187266
1.000000 -0.650000 -0.576375 1.192686
1.000000 -0.660000 -0.583373 1.198165
1.000000 -0.670000 -0.590307 1.203703
1.000000 -0.680000 -0.597177 1.209297
1.000000 -0.690000 -0.603983 1.214949
1.000000 -0.700000 -0.610726 1.220656
1.000000 -0.710000 -0.617406 1.226418
1.000000 -0.720000 -0.624023 1.232234
1.000000 -0.730000 -0.630578 1.238103
1.000000 -0.740000 -0.637070 1.244026
1.000000 -0.750000 -0.643501 1.250000
1.000000 -0.760000 -0.649870 1.256025
1.000000 -0.770000 -0.656179 1.262101
1.000000 -0.780000 -0.662426 1.268227
1.000000 -0.790000 -0.668614 1.274402
1.000000 -0.800000 -0.674741 1.280625
1.000000 -0.810000 -0.680809 1.286895
1.000000 -0.820000 -0.686818 1.293213
1.000000 -0.830000 -0.692768 1.299577
1.000000 -0.840000 -0.698660 1.305986
1.000000 -0.850000 -0.704494 1.312440
1.000000 -0.860000 -0.710271 1.318939
1.000000 -0.870000 -0.715991 1.325481
1.000000 -0.880000 -0.721655 1.332066
1.000000 -0.890000 -0.727263 1.338693
1.000000 -0.900000 -0.732815 1.345362
1.000000 -0.910000 -0.738313 1.352072
1.000000 -0.920000 -0.743756 1.358823
1.000000 -0.930000 -0.749145 1.365613
1.000000 -0.940000 -0.754480 1.372443
1.000000 -0.950000 -0.759763 1.379311
1.000000 -0.960000 -0.764993 1.386218
1.000000 -0.970000 -0.770171 1.393162
1.000000 -0.980000 -0.775297 1.400143
1.000000 -0.990000 -0.780373 1.407160
1.000000 -1.000000 -0.785398 1.414214
1.000000 -1.000000 -0.785398 1.414214
0.990000 -1.000000 -0.790423 1.407160
0.980000 -1.000000 -0.795499 1.400143
0.970000 -1.000000 -0.800625 1.393162
0.960000 -1.000000 -0.805803 1.386218
0.950000 -1.000000 -0.811034 1.379311
0.940000 -1.000000 -0.816316 1.372443
0.930000 -1.000000 -0.821652 1.365613
0.920000 -1.000000 -0.827041 1.358823
0.910000 -1.000000 -0.832484 1.352072
0.900000 -1.000000 -0.837981 1.345362
0.890000 -1.000000 -0.843534 1.338693
0.880000 -1.000000 -0.849141 1.332066
0.870000 -1.000000 -0.854805 1.325481
0.860000 -1.000000 -0.860525 1.318939
0.850000 -1.000000 -0.866302 1.312440
0.840000 -1.000000 -0.872137 1.305986
0.830000 -1.000000 -0.878028 1.299577
0.820000 -1.000000 -0.883979 1.293213
0.810000 -1.000000 -0.889987 1.286895
0.800000 -1.000000 -0.896055 1.280625
0.790000 -1.000000 -0.902183 1.274402
0.780000 -1.000000 -0.908370 1.268227
0.770000 -1.000000 -0.914618 1.262101
0.760000 -1.000000 -0.920926 1.256025
0.750000 -1.000000 -0.927295 1.250000
0.740000 -1.000000 -0.933726 1.244026
0.730000 -1.000000 -0.940219 1.238103
0.720000 -1.000000 -0.946773 1.232234
0.710000 -1.000000 -0.953390 1.226418
0.700000 -1.000000 -0.960070 1.220656
0.690000 -1.000000 -0.966813 1.214949
0.680000 -1.000000 -0.973620 1.209297
0.670000 -1.000000 -0.980490 1.203703
0.660000 -1.000000 -0.987423 1.198165
0.650000 -1.000000 -0.994421 1.192686
0.640000 -1.000000 -1.001483 1.187266
0.630000 -1.000000 -1.008610 1.181905
0.620000 -1.000000 -1.015801 1.176605
0.610000 -1.000000 -1.023056 1.171367
0.600000 -1.000000 -1.030377 1.166190
0.590000 -1.000000 -1.037762 1.161077
0.580000 -1.000000 -1.045213 1.156028
0.570000 -1.000000 -1.052728 1.151043
0.560000 -1.000000 -1.060308 1.146124
0.550000 -1.000000 -1.067953 1.141271
0.540000 -1.000000 -1.075663 1.136486
0.530000 -1.000000 -1.083438 1.131769
0.520000 -1.000000 -1.091277 1.127120
0.510000 -1.000000 -1.099181 1.122542
0.500000 -1.000000 -1.107149 1.118034
0.490000 -1.000000 -1.115181 1.113598
0.480000 -1.000000 -1.123276 1.109234
0.470000 -1.000000 -1.131435 1.104943
0.460000 -1.000000 -1.139658 1.100727
0.450000 -1.000000 -1.147942 1.096586
0.440000 -1.000000 -1.156289 1.092520
0.430000 -1.000000 -1.164698 1.088531
0.420000 -1.000000 -1.173168 1.084620
0.410000 -1.000000 -1.181699 1.080787
0.400000 -1.000000 -1.190290 1.077033
0.390000 -1.000000 -1.198940 1.073359
0.380000 -1.000000 -1.207649 1.069766
0.370000 -1.000000 -1.216416 1.066255
0.360000 -1.000000 -1.225241 1.062826
0.350000 -1.000000 -1.234122 1.059481
0.340000 -1.000000 -1.243058 1.056220
0.330000 -1.000000 -1.252049 1.053043
0.320000 -1.000000 -1.261093 1.049952
0.310000 -1.000000 -1.270191 1.046948
0.300000 -1.000000 -1.279340 1.044031
0.290000 -1.000000 -1.288539 1.041201
0.280000 -1.000000 -1.297788 1.038460
0.270000 -1.000000 -1.307084 1.035809
0.260000 -1.000000 -1.316428 1.033247
0.250000 -1.000000 -1.325818 1.030776
0.240000 -1.000000 -1.335251 1.028397
0.230000 -1.000000 -1.344728 1.026109
0.220000 -1.000000 -1.354246 1.023914
0.210000 -1.000000 -1.363804 1.021812
0.200000 -1.000000 -1.373401 1.019804
0.190000 -1.000000 -1.383034 1.017890
0.180000 -1.000000 -1.392703 1.016071
0.170000 -1.000000 -1.402406 1.014347
0.160000 -1.000000 -1.412141 1.012719
0.150000 -1.000000 -1.421906 1.011187
0.140000 -1.000000 -1.431700 1.009752
0.130000 -1.000000 -1.441521 1.008415
0.120000 -1.000000 -1.451367 1.007174
0.110000 -1.000000 -1.461237 1.006032
0.100000 -1.000000 -1.471128 1.004988
0.090000 -1.000000 -1.481038 1.004042
0.080000 -1.000000 -1.490966 1.003195
0.070000 -1.000000 -1.500910 1.002447
0.060000 -1.000000 -1.510868 1.001798
0.050000 -1.000000 -1.520838 1.001249
0.040000 -1.000000 -1.530818 1.000800
0.030000 -1.000000 -1.540805 1.000450
0.020000 -1.000000 -1.550799 1.000200
0.010000 -1.000000 -1.560797 1.000050
-0.000000 -1.000000 -1.570796 1.000000
-0.010000 -1.000000 -1.580796 1.000050
-0.020000 -1.000000 -1.590794 1.000200
-0.030000 -1.000000 -1.600787 1.000450
-0.040000 -1.000000 -1.610775 1.000800
-0.050000 -1.000000 -1.620755 1.001249
-0.060000 -1.000000 -1.630724 1.001798
-0.070000 -1.000000 -1.640682 1.002447
-0.080000 -1.000000 -1.650626 1.003195
-0.090000 -1.000000 -1.660555 1.004042
-0.100000 -1.000000 -1.670465 1.004988
-0.110000 -1.000000 -1.680356 1.006032
-0.120000 -1.000000 -1.690225 1.007174
-0.130000 -1.000000 -1.700071 1.008415
-0.140000 -1.000000 -1.709892 1.009752
-0.150000 -1.000000 -1.719686 1.011187
-0.160000 -1.000000 -1.729452 1.012719
-0.170000 -1.000000 -1.739186 1.014347
-0.180000 -1.000000 -1.748889 1.016071
-0.190000 -1.000000 -1.758558 1.017890
-0.200000 -1.000000 -1.768192 1.019804
-0.210000 -1.000000 -1.777789 1.021812
-0.220000 -1.000000 -1.787347 1.023914
-0.230000 -1.000000 -1.796865 1.026109
-0.240000 -1.000000 -1.806341 1.028397
-0.250000 -1.000000 -1.815775 1.030776
-0.260000 -1.000000 -1.825164 1.033247
-0.270000 -1.000000 -1.834508 1.035809
-0.280000 -1.000000 -1.843805 1.038460
-0.290000 -1.000000 -1.853054 1.041201
-0.300000 -1.000000 -1.862253 1.044031
-0.310000 -1.000000 -1.871402 1.046948
-0.320000 -1.000000 -1.880499 1.049952
-0.330000 -1.000000 -1.889544 1.053043
-0.340000 -1.000000 -1.898535 1.056220
-0.350000 -1.000000 -1.907471 1.059481
-0.360000 -1.000000 -1.916352 1.062826
-0.370000 -1.000000 -1.925176 1.066255
-0.380000 -1.000000 -1.933943 1.069766
-0.390000 -1.000000 -1.942652 1.073359
-0.400000 -1.000000 -1.951303 1.077033
-0.410000 -1.000000 -1.959894 1.080787
-0.420000 -1.000000 -1.968424 1.084620
-0.430000 -1.000000 -1.976894 1.088531
-0.440000 -1.000000 -1.985303 1.092520
-0.450000 -1.000000 -1.993650 1.096586
-0.460000 -1.000000 -2.001935 1.100727
-0.470000 -1.000000 -2.010157 1.104943
-0.480000 -1.000000 -2.018316 1.109234
-0.490000 -1.000000 -2.026412 1.113598
-0.500000 -1.000000 -2.034444 1.118034
-0.510000 -1.000000 -2.042412 1.122542
-0.520000 -1.000000 -2.050316 1.127120
-0.530000 -1.000000 -2.058155 1.131769
-0.540000 -1.000000 -2.065930 1.136486
-0.550000 -1.000000 -2.073640 1.141271
-0.560000 -1.000000 -2.081285 1.146124
-0.570000 -1.000000 -2.088865 1.151043
-0.580000 -1.000000 -2.096380 1.156028
-0.590000 -1.000000 -2.103830 1.161077
-0.600000 -1.000000 -2.111216 1.166190
-0.610000 -1.000000 -2.118536 1.171367
-0.620000 -1.000000 -2.125792 1.176605
-0.630000 -1.000000 -2.132983 1.181905
-0.640000 -1.000000 -2.140110 1.187266
-0.650000 -1.000000 -2.147172 1.192686
-0.660000 -1.000000 -2.154169 1.198165
-0.670000 -1.000000 -2.161103 1.203703
-0.680000 -1.000000 -2.167973 1.209297
-0.690000 -1.000000 -2.174779 1.214949
-0.700000 -1.000000 -2.181522 1.220656
-0.710000 -1.000000 -2.188202 1.226418
-0.720000 -1.000000 -2.194819 1.232234
-0.730000 -1.000000 -2.201374 1.238103
-0.740000 -1.000000 -2.207867 1.244026
-0.750000 -1.000000 -2.214297 1.250000
-0.760000 -1.000000 -2.220667 1.256025
-0.770000 -1.000000 -2.226975 1.262101
-0.780000 -1.000000 -2.233223 1.268227
-0.790000 -1.000000 -2.239410 1.274402
-0.800000 -1.000000 -2.245537 1.280625
-0.810000 -1.000000 -2.251605 1.286895
-0.820000 -1.000000 -2.257614 1.293213
-0.830000 -1.000000 -2.263564 1.299577
-0.840000 -1.000000 -2.269456 1.305986
-0.850000 -1.000000 -2.275290 1.312440
-0.860000 -1.000000 -2.281067 1.318939
-0.870000 -1.000000 -2.286787 1.325481
-0.880000 -1.000000 -2.292451 1.332066
-0.890000 -1.000000 -2.298059 1.338693
-0.900000 -1.000000 -2.303611 1.345362
-0.910000 -1.000000 -2.309109 1.352072
-0.920000 -1.000000 -2.314552 1.358823
-0.930000 -1.000000 -2.319941 1.365613
-0.940000 -1.000000 -2.325277 1.372443
-0.950000 -1.000000 -2.330559 1.379311
-0.960000 -1.000000 -2.335789 1.386218
-0.970000 -1.000000 -2.340967 1.393162
-0.980000 -1.000000 -2.346094 1.400143
-0.990000 -1.000000 -2.351169 1.407160
-1.000000 -1.000000 -2.356194 1.414214
-1.000000 -1.000000 -2.356194 1.414214
-1.000000 -0.990000 -2.361220 1.407160
-1.000000 -0.980000 -2.366295 1.400143
-1.000000 -0.970000 -2.371422 1.393162
-1.000000 -0.960000 -2.376600 1.386218
-1.000000 -0.950000 -2.381830 1.379311
-1.000000 -0.940000 -2.387112 1.372443
-1.000000 -0.930000 -2.392448 1.365613
-1.000000 -0.920000 -2.397837 1.358823
-1.000000 -0.910000 -2.403280 1.352072
-1.000000 -0.900000 -2.408778 1.345362
-1.000000 -0.890000 -2.414330 1.338693
-1.000000 -0.880000 -2.419938 1.332066
-1.000000 -0.870000 -2.425602 1.325481
-1.000000 -0.860000 -2.431322 1.318939
-1.000000 -0.850000 -2.437099 1.312440
-1.000000 -0.840000 -2.442933 1.305986
-1.000000 -0.830000 -2.448825 1.299577
-1.000000 -0.820000 -2.454775 1.293213
-1.000000 -0.810000 -2.460784 1.286895
-1.000000 -0.800000 -2.466852 1.280625
-1.000000 -0.790000 -2.472979 1.274402
-1.000000 -0.780000 -2.479166 1.268227
-1.000000 -0.770000 -2.485414 1.262101
-1.000000 -0.760000 -2.491722 1.256025
-1.000000 -0.750000 -2.498092 1.250000
-1.000000 -0.740000 -2.504522 1.244026
-1.000000 -0.730000 -2.511015 1.238103
-1.000000 -0.720000 -2.517570 1.232234
-1.000000 -0.710000 -2.524187 1.226418
-1.000000 -0.700000 -2.530867 1.220656
-1.000000 -0.690000 -2.537610 1.214949
-1.000000 -0.680000 -2.544416 1.209297
-1.000000 -0.670000 -2.551286 1.203703
-1.000000 -0.660000 -2.558220 1.198165
-1.000000 -0.650000 -2.565217 1.192686
-1.000000 -0.640000 -2.572279 1.187266
-1.000000 -0.630000 -2.579406 1.181905
-1.000000 -0.620000 -2.586597 1.176605
-1.000000 -0.610000 -2.593853 1.171367
-1.000000 -0.600000 -2.601173 1.166190
-1.000000 -0.590000 -2.608559 1.161077
-1.000000 -0.580000 -2.616009 1.156028
-1.000000 -0.570000 -2.623524 1.151043
-1.000000 -0.560000 -2.631104 1.146124
-1.000000 -0.550000 -2.638749 1.141271
-1.000000 -0.540000 -2.646459 1.136486
-1.000000 -0.530000 -2.654234 1.131769
-1.000000 -0.520000 -2.662073 1.127120
-1.000000 -0.510000 -2.669977 1.122542
-1.000000 -0.500000 -2.677945 1.118034
-1.000000 -0.490000 -2.685977 1.113598
-1.000000 -0.480000 -2.694073 1.109234
-1.000000 -0.470000 -2.702232 1.104943
-1.000000 -0.460000 -2.710454 1.100727
-1.000000 -0.450000 -2.718739 1.096586
-1.000000 -0.440000 -2.727086 1.092520
-1.000000 -0.430000 -2.735495 1.088531
-1.000000 -0.420000 -2.743965 1.084620
-1.000000 -0.410000 -2.752495 1.080787
-1.000000 -0.400000 -2.761086 1.077033
-1.000000 -0.390000 -2.769737 1.073359
-1.000000 -0.380000 -2.778446 1.069766
-1.000000 -0.370000 -2.787213 1.066255
-1.000000 -0.360000 -2.796037 1.062826
-1.000000 -0.350000 -2.804918 1.059481
-1.000000 -0.340000 -2.813854 1.056220
-1.000000 -0.330000 -2.822845 1.053043
-1.000000 -0.320000 -2.831890 1.049952
-1.000000 -0.310000 -2.840987 1.046948
-1.000000 -0.300000 -2.850136 1.044031
-1.000000 -0.290000 -2.859335 1.041201
-1.000000 -0.280000 -2.868584 1.038460
-1.000000 -0.270000 -2.877881 1.035809
-1.000000 -0.260000 -2.887225 1.033247
-1.000000 -0.250000 -2.896614 1.030776
-1.000000 -0.240000 -2.906048 1.028397
-1.000000 -0.230000 -2.915524 1.026109
-1.000000 -0.220000 -2.925042 1.023914
-1.000000 -0.210000 -2.934600 1.021812
-1.000000 -0.200000 -2.944197 1.019804
-1.000000 -0.190000 -2.953831 1.017890
-1.000000 -0.180000 -2.963500 1.016071
-1.000000 -0.170000 -2.973202 1.014347
-1.000000 -0.160000 -2.982937 1.012719
-1.000000 -0.150000 -2.992703 1.011187
-1.000000 -0.140000 -3.002497 1.009752
-1.000000 -0.130000 -3.012318 1.008415
-1.000000 -0.120000 -3.022164 1.007174
-1.000000 -0.110000 -3.032033 1.006032
-1.000000 -0.100000 -3.041924 1.004988
-1.000000 -0.090000 -3.051834 1.004042
-1.000000 -0.080000 -3.061763 1.003195
-1.000000 -0.070000 -3.071707 1.002447
-1.000000 -0.060000 -3.081664 1.001798
-1.000000 -0.050000 -3.091634 1.001249
-1.000000 -0.040000 -3.101614 1.000800
-1.000000 -0.030000 -3.111602 1.000450
-1.000000 -0.020000 -3.121595 1.000200
-1.000000 -0.010000 -3.131593 1.000050
-1.000000 0.000000 -3.141593 1.000000
-1.000000 0.010000 -3.151592 1.000050
-1.000000 0.020000 -3.161590 1.000200
-1.000000 0.030000 -3.171584 1.000450
-1.000000 0.040000 -3.181571 1.000800
-1.000000 0.050000 -3.191551 1.001249
-1.000000 0.060000 -3.201521 1.001798
-1.000000 0.070000 -3.211479 1.002447
-1.000000 0.080000 -3.221423 1.003195
-1.000000 0.090000 -3.231351 1.004042
-1.000000 0.100000 -3.241261 1.004988
-1.000000 0.110000 -3.251152 1.006032
-1.000000 0.120000 -3.261022 1.007174
-1.000000 0.130000 -3.270868 1.008415
-1.000000 0.140000 -3.280689 1.009752
-1.000000 0.150000 -3.290483 1.011187
-1.000000 0.160000 -3.300248 1.012719
-1.000000 0.170000 -3.309983 1.014347
-1.000000 0.180000 -3.319686 1.016071
-1.000000 0.190000 -3.329355 1.017890
-1.000000 0.200000 -3.338988 1.019804
-1.000000 0.210000 -3.348585 1.021812
-1.000000 0.220000 -3.358143 1.023914
-1.000000 0.230000 -3.367661 1.026109
-1.000000 0.240000 -3.377138 1.028397
-1.000000 0.250000 -3.386571 1.030776
-1.000000 0.260000 -3.395961 1.033247
-1.000000 0.270000 -3.405304 1.035809
-1.000000 0.280000 -3.414601 1.038460
-1.000000 0.290000 -3.423850 1.041201
-1.000000 0.300000 -3.433049 1.044031
-1.000000 0.310000 -3.442198 1.046948
-1.000000 0.320000 -3.451296 1.049952
-1.000000 0.330000 -3.460340 1.053043
-1.000000 0.340000 -3.469331 1.056220
-1.000000 0.350000 -3.478267 1.059481
-1.000000 0.360000 -3.487148 1.062826
-1.000000 0.370000 -3.495973 1.066255
-1.000000 0.380000 -3.504740 1.069766
-1.000000 0.390000 -3.513449 1.073359
-1.000000 0.400000 -3.522099 1.077033
-1.000000 0.410000 -3.530690 1.080787
-1.000000 0.420000 -3.539221 1.084620
-1.000000 0.430000 -3.547691 1.088531
-1.000000 0.440000 -3.556100 1.092520
-1.000000 0.450000 -3.564447 1.096586
-1.000000 0.460000 -3.572731 1.100727
-1.000000 0.470000 -3.580954 1.104943
-1.000000 0.480000 -3.589113 1.109234
-1.000000 0.490000 -3.597208 1.113598
-1.000000 0.500000 -3.605240 1.118034
-1.000000 0.510000 -3.613208 1.122542
-1.000000 0.520000 -3.621112 1.127120
-1.000000 0.530000 -3.628951 1.131769
-1.000000 0.540000 -3.636726 1.136486
-1.000000 0.550000 -3.644436 1.141271
-1.000000 0.560000 -3.652081 1.146124
-1.000000 0.570000 -3.659661 1.151043
-1.000000 0.580000 -3.667176 1.156028
-1.000000 0.590000 -3.674627 1.161077
-1.000000 0.600000 -3.682012 1.166190
-1.000000 0.610000 -3.689333 1.171367
-1.000000 0.620000 -3.696588 1.176605
-1.000000 0.630000 -3.703779 1.181905
-1.000000 0.640000 -3.710906 1.187266
-1.000000 0.650000 -3.717968 1.192686
-1.000000 0.660000 -3.724966 1.198165
-1.000000 0.670000 -3.731899 1.203703
-1.000000 0.680000 -3.738769 1.209297
-1.000000 0.690000 -3.745576 1.214949
-1.000000 0.700000 -3.752319 1.220656
-1.000000 0.710000 -3.758999 1.226418
-1.000000 0.720000 -3.765616 1.232234
-1.000000 0.730000 -3.772170 1.238103
-1.000000 0.740000 -3.778663 1.244026
-1.000000 0.750000 -3.785094 1.250000
-1.000000 0.760000 -3.791463 1.256025
-1.000000 0.770000 -3.797771 1.262101
-1.000000 0.780000 -3.804019 1.268227
-1.000000 0.790000 -3.810206 1.274402
-1.000000 0.800000 -3.816334 1.280625
-1.000000 0.810000 -3.822401 1.286895
-1.000000 0.820000 -3.828410 1.293213
-1.000000 0.830000 -3.834360 1.299577
-1.000000 0.840000 -3.840252 1.305986
-1.000000 0.850000 -3.846087 1.312440
-1.000000 0.860000 -3.851864 1.318939
-1.000000 0.870000 -3.857584 1.325481
-1.000000 0.880000 -3.863248 1.332066
-1.000000 0.890000 -3.868855 1.338693
-1.000000 0.900000 -3.874408 1.345362
-1.000000 0.910000 -3.879905 1.352072
-1.000000 0.920000 -3.885348 1.358823
-1.000000 0.930000 -3.890737 1.365613
-1.000000 0.940000 -3.896073 1.372443
-1.000000 0.950000 -3.901355 1.379311
-1.000000 0.960000 -3.906585 1.386218
-1.000000 0.970000 -3.911764 1.393162
-1.000000 0.980000 -3.916890 1.400143
-1.000000 0.990000 -3.921966 1.407160
-1.000000 1.000000 -3.926991 1.414214
-1.000000 1.000000 -3.926991 1.414214
-0.990000 1.000000 -3.932016 1.407160
-0.980000 1.000000 -3.937091 1.400143
-0.970000 1.000000 -3.942218 1.393162
-0.960000 1.000000 -3.947396 1.386218
-0.950000 1.000000 -3.952626 1.379311
-0.940000 1.000000 -3.957909 1.372443
-0.930000 1.000000 -3.963244 1.365613
-0.920000 1.000000 -3.968633 1.358823
-0.910000 1.000000 -3.974076 1.352072
-0.900000 1.000000 -3.979574 1.345362
-0.890000 1.000000 -3.985126 1.338693
-0.880000 1.000000 -3.990734 1.332066
-0.870000 1.000000 -3.996398 1.325481
-0.860000 1.000000 -4.002118 1.318939
-0.850000 1.000000 -4.007895 1.312440
-0.840000 1.000000 -4.013729 1.305986
-0.830000 1.000000 -4.019621 1.299577
-0.820000 1.000000 -4.025571 1.293213
-0.810000 1.000000 -4.031580 1.286895
-0.800000 1.000000 -4.037648 1.280625
-0.790000 1.000000 -4.043775 1.274402
-0.780000 1.000000 -4.049963 1.268227
-0.770000 1.000000 -4.056210 1.262101
-0.760000 1.000000 -4.062519 1.256025
-0.750000 1.000000 -4.068888 1.250000
-0.740000 1.000000 -4.075319 1.244026
-0.730000 1.000000 -4.081811 1.238103
-0.720000 1.000000 -4.088366 1.232234
-0.710000 1.000000 -4.094983 1.226418
-0.700000 1.000000 -4.101663 1.220656
-0.690000 1.000000 -4.108406 1.214949
-0.680000 1.000000 -4.115212 1.209297
-0.670000 1.000000 -4.122082 1.203703
-0.660000 1.000000 -4.129016 1.198165
-0.650000 1.000000 -4.136014 1.192686
-0.640000 1.000000 -4.143076 1.187266
-0.630000 1.000000 -4.150202 1.181905
-0.620000 1.000000 -4.157393 1.176605
-0.610000 1.000000 -4.164649 1.171367
-0.600000 1.000000 -4.171969 1.166190
-0.590000 1.000000 -4.179355 1.161077
-0.580000 1.000000 -4.186805 1.156028
-0.570000 1.000000 -4.194320 1.151043
-0.560000 1.000000 -4.201901 1.146124
-0.550000 1.000000 -4.209546 1.141271
-0.540000 1.000000 -4.217256 1.136486
-0.530000 1.000000 -4.225030 1.131769
-0.520000 1.000000 -4.232870 1.127120
-0.510000 1.000000 -4.240773 1.122542
-0.500000 1.000000 -4.248741 1.118034
-0.490000 1.000000 -4.256773 1.113598
-0.480000 1.000000 -4.264869 1.109234
-0.470000 1.000000 -4.273028 1.104943
-0.460000 1.000000 -4.281250 1.100727
-0.450000 1.000000 -4.289535 1.096586
-0.440000 1.000000 -4.297882 1.092520
-0.430000 1.000000 -4.306291 1.088531
-0.420000 1.000000 -4.314761 1.084620
-0.410000 1.000000 -4.323292 1.080787
-0.400000 1.000000 -4.331883 1.077033
-0.390000 1.000000 -4.340533 1.073359
-0.380000 1.000000 -4.349242 1.069766
-0.370000 1.000000 -4.358009 1.066255
-0.360000 1.000000 -4.366833 1.062826
-0.350000 1.000000 -4.375714 1.059481
-0.340000 1.000000 -4.384650 1.056220
-0.330000 1.000000 -4.393641 1.053043
-0.320000 1.000000 -4.402686 1.049952
-0.310000 1.000000 -4.411783 1.046948
-0.300000 1.000000 -4.420932 1.044031
-0.290000 1.000000 -4.430132 1.041201
-0.280000 1.000000 -4.439380 1.038460
-0.270000 1.000000 -4.448677 1.035809
-0.260000 1.000000 -4.458021 1.033247
-0.250000 1.000000 -4.467410 1.030776
-0.240000 1.000000 -4.476844 1.028397
-0.230000 1.000000 -4.486321 1.026109
-0.220000 1.000000 -4.495839 1.023914
-0.210000 1.000000 -4.505397 1.021812
-0.200000 1.000000 -4.514993 1.019804
-0.190000 1.000000 -4.524627 1.017890
-0.180000 1.000000 -4.534296 1.016071
-0.170000 1.000000 -4.543999 1.014347
-0.160000 1.000000 -4.553734 1.012719
-0.150000 1.000000 -4.563499 1.011187
-0.140000 1.000000 -4.573293 1.009752
-0.130000 1.000000 -4.583114 1.008415
-0.120000 1.000000 -4.592960 1.007174
-0.110000 1.000000 -4.602829 1.006032
-0.100000 1.000000 -4.612720 1.004988
-0.090000 1.000000 -4.622631 1.004042
-0.080000 1.000000 -4.632559 1.003195
-0.070000 1.000000 -4.642503 1.002447
-0.060000 1.000000 -4.652461 1.001798
-0.050000 1.000000 -4.662431 1.001249
-0.040000 1.000000 -4.672410 1.000800
-0.030000 1.000000 -4.682398 1.000450
-0.020000 1.000000 -4.692392 1.000200
-0.010000 1.000000 -4.702389 1.000050
0.000000 1.000000 -4.712389 1.000000
0.010000 1.000000 -4.722389 1.000050
0.020000 1.000000 -4.732386 1.000200
0.030000 1.000000 -4.742380 1.000450
0.040000 1.000000 -4.752368 1.000800
0.050000 1.000000 -4.762347 1.001249
0.060000 1.000000 -4.772317 1.001798
0.070000 1.000000 -4.782275 1.002447
0.080000 1.000000 -4.792219 1.003195
0.090000 1.000000 -4.802147 1.004042
0.100000 1.000000 -4.812058 1.004988
0.110000 1.000000 -4.821949 1.006032
0.120000 1.000000 -4.831818 1.007174
0.130000 1.000000 -4.841664 1.008415
0.140000 1.000000 -4.851485 1.009752
0.150000 1.000000 -4.861279 1.011187
0.160000 1.000000 -4.871044 1.012719
0.170000 1.000000 -4.880779 1.014347
0.180000 1.000000 -4.890482 1.016071
0.190000 1.000000 -4.900151 1.017890
0.200000 1.000000 -4.909785 1.019804
0.210000 1.000000 -4.919381 1.021812
0.220000 1.000000 -4.928939 1.023914
0.230000 1.000000 -4.938457 1.026109
0.240000 1.000000 -4.947934 1.028397
0.250000 1.000000 -4.957368 1.030776
0.260000 1.000000 -4.966757 1.033247
0.270000 1.000000 -4.976101 1.035809
0.280000 1.000000 -4.985398 1.038460
0.290000 1.000000 -4.994646 1.041201
0.300000 1.000000 -5.003846 1.044031
0.310000 1.000000 -5.012995 1.046948
0.320000 1.000000 -5.022092 1.049952
0.330000 1.000000 -5.031137 1.053043
0.340000 1.000000 -5.040127 1.056220
0.350000 1.000000 -5.049064 1.059481
0.360000 1.000000 -5.057945 1.062826
0.370000 1.000000 -5.066769 1.066255
0.380000 1.000000 -5.075536 1.069766
0.390000 1.000000 -5.084245 1.073359
0.400000 1.000000 -5.092895 1.077033
0.410000 1.000000 -5.101486 1.080787
0.420000 1.000000 -5.110017 1.084620
0.430000 1.000000 -5.118487 1.088531
0.440000 1.000000 -5.126896 1.092520
0.450000 1.000000 -5.135243 1.096586
0.460000 1.000000 -5.143528 1.100727
0.470000 1.000000 -5.151750 1.104943
0.480000 1.000000 -5.159909 1.109234
0.490000 1.000000 -5.168005 1.113598
0.500000 1.000000 -5.176037 1.118034
0.510000 1.000000 -5.184005 1.122542
0.520000 1.000000 -5.191908 1.127120
0.530000 1.000000 -5.199748 1.131769
0.540000 1.000000 -5.207522 1.136486
0.550000 1.000000 -5.215232 1.141271
0.560000 1.000000 -5.222877 1.146124
0.570000 1.000000 -5.230458 1.151043
0.580000 1.000000 -5.237973 1.156028
0.590000 1.000000 -5.245423 1.161077
0.600000 1.000000 -5.252808 1.166190
0.610000 1.000000 -5.260129 1.171367
0.620000 1.000000 -5.267385 1.176605
0.630000 1.000000 -5.274576 1.181905
0.640000 1.000000 -5.281702 1.187266
0.650000 1.000000 -5.288764 1.192686
0.660000 1.000000 -5.295762 1.198165
0.670000 1.000000 -5.302696 1.203703
0.680000 1.000000 -5.309566 1.209297
0.690000 1.000000 -5.316372 1.214949
0.700000 1.000000 -5.323115 1.220656
0.710000 1.000000 -5.329795 1.226418
0.720000 1.000000 -5.336412 1.232234
0.730000 1.000000 -5.342967 1.238103
0.740000 1.000000 -5.349459 1.244026
0.750000 1.000000 -5.355890 1.250000
0.760000 1.000000 -5.362259 1.256025
0.770000 1.000000 -5.368568 1.262101
0.780000 1.000000 -5.374815 1.268227
0.790000 1.000000 -5.381003 1.274402
0.800000 1.000000 -5.387130 1.280625
0.810000 1.000000 -5.393198 1.286895
0.820000 1.000000 -5.399207 1.293213
0.830000 1.000000 -5.405157 1.299577
0.840000 1.000000 -5.411049 1.305986
0.850000 1.000000 -5.416883 1.312440
0.860000 1.000000 -5.422660 1.318939
0.870000 1.000000 -5.428380 1.325481
0.880000 1.000000 -5.434044 1.332066
0.890000 1.000000 -5.439652 1.338693
0.900000 1.000000 -5.445204 1.345362
0.910000 1.000000 -5.450702 1.352072
0.920000 1.000000 -5.456145 1.358823
0.930000 1.000000 -5.461534 1.365613
0.940000 1.000000 -5.466869 1.372443
0.950000 1.000000 -5.472152 1.379311
0.960000 1.000000 -5.477382 1.386218
0.970000 1.000000 -5.482560 1.393162
0.980000 1.000000 -5.487686 1.400143
0.990000 1.000000 -5.492762 1.407160
1.000000 1.000000 -5.497787 1.414214
1.000000 1.000000 -5.497787 1.414214
