100.000000 0.000000 0.000000 0.000000 -1.198354 1.983735
99.000000 0.000000 0.000000 0.000000 -1.203236 1.988618
98.000000 0.000000 0.000000 0.000000 -1.208115 1.993497
97.000000 0.000000 0.000000 0.000000 -1.212990 1.998372
96.000000 0.000000 0.000000 0.000000 -1.217861 2.003243
95.000000 0.000000 0.000000 0.000000 -1.222728 2.008110
94.000000 0.000000 0.000000 0.000000 -1.227591 2.012973
93.000000 0.000000 0.000000 0.000000 -1.232451 2.017832
92.000000 0.000000 0.000000 0.000000 -1.237306 2.022687
91.000000 0.000000 0.000000 0.000000 -1.242157 2.027538
90.000000 0.000000 0.000000 0.000000 -1.247004 2.032385
89.000000 0.000000 0.000000 0.000000 -1.251847 2.037228
88.000000 0.000000 0.000000 0.000000 -1.256685 2.042067
87.000000 0.000000 0.000000 0.000000 -1.261519 2.046901
86.000000 0.000000 0.000000 0.000000 -1.266349 2.051731
85.000000 0.000000 0.000000 0.000000 -1.271175 2.056556
84.000000 0.000000 0.000000 0.000000 -1.275996 2.061377
83.000000 0.000000 0.000000 0.000000 -1.280812 2.066193
82.000000 0.000000 0.000000 0.000000 -1.285624 2.071005
81.000000 0.000000 0.000000 0.000000 -1.290431 2.075812
80.000000 0.000000 0.000000 0.000000 -1.295233 2.080615
79.000000 0.000000 0.000000 0.000000 -1.300031 2.085412
78.000000 0.000000 0.000000 0.000000 -1.304823 2.090205
77.000000 0.000000 0.000000 0.000000 -1.309611 2.094993
76.000000 0.000000 0.000000 0.000000 -1.314394 2.099775
75.000000 0.000000 0.000000 0.000000 -1.319171 2.104553
74.000000 0.000000 0.000000 0.000000 -1.323944 2.109325
73.000000 0.000000 0.000000 0.000000 -1.328711 2.114092
72.000000 0.000000 0.000000 0.000000 -1.333473 2.118854
71.000000 0.000000 0.000000 0.000000 -1.338229 2.123611
70.000000 0.000000 0.000000 0.000000 -1.342980 2.128361
69.000000 0.000000 0.000000 0.000000 -1.347725 2.133107
68.000000 0.000000 0.000000 0.000000 -1.352465 2.137846
67.000000 0.000000 0.000000 0.000000 -1.357199 2.142580
66.000000 0.000000 0.000000 0.000000 -1.361926 2.147308
65.000000 0.000000 0.000000 0.000000 -1.366649 2.152030
64.000000 0.000000 0.000000 0.000000 -1.371364 2.156746
63.000000 0.000000 0.000000 0.000000 -1.376074 2.161456
62.000000 0.000000 0.000000 0.000000 -1.380778 2.166159
61.000000 0.000000 0.000000 0.000000 -1.385475 2.170857
60.000000 0.000000 0.000000 0.000000 -1.390166 2.175548
59.000000 0.000000 0.000000 0.000000 -1.394851 2.180232
58.000000 0.000000 0.000000 0.000000 -1.399528 2.184910
57.000000 0.000000 0.000000 0.000000 -1.404199 2.189581
56.000000 0.000000 0.000000 0.000000 -1.408863 2.194245
55.000000 0.000000 0.000000 0.000000 -1.413521 2.198902
54.000000 0.000000 0.000000 0.000000 -1.418171 2.203552
53.000000 0.000000 0.000000 0.000000 -1.422814 2.208196
52.000000 0.000000 0.000000 0.000000 -1.427450 2.212831
51.000000 0.000000 0.000000 0.000000 -1.432078 2.217460
50.000000 0.000000 0.000000 0.000000 -1.436699 2.222081
49.000000 0.000000 0.000000 0.000000 -1.441313 2.226694
48.000000 0.000000 0.000000 0.000000 -1.445919 2.231300
47.000000 0.000000 0.000000 0.000000 -1.450517 2.235898
46.000000 0.000000 0.000000 0.000000 -1.455107 2.240488
45.000000 0.000000 0.000000 0.000000 -1.459689 2.245070
44.000000 0.000000 0.000000 0.000000 -1.464262 2.249644
43.000000 0.000000 0.000000 0.000000 -1.468828 2.254210
42.000000 0.000000 0.000000 0.000000 -1.473385 2.258767
41.000000 0.000000 0.000000 0.000000 -1.477934 2.263315
40.000000 0.000000 0.000000 0.000000 -1.482474 2.267856
39.000000 0.000000 0.000000 0.000000 -1.487005 2.272387
38.000000 0.000000 0.000000 0.000000 -1.491528 2.276909
37.000000 0.000000 0.000000 0.000000 -1.496041 2.281423
36.000000 0.000000 0.000000 0.000000 -1.500546 2.285927
35.000000 0.000000 0.000000 0.000000 -1.505041 2.290422
34.000000 0.000000 0.000000 0.000000 -1.509526 2.294908
33.000000 0.000000 0.000000 0.000000 -1.514003 2.299384
32.000000 0.000000 0.000000 0.000000 -1.518469 2.303851
31.000000 0.000000 0.000000 0.000000 -1.522926 2.308308
30.000000 0.000000 0.000000 0.000000 -1.527373 2.312755
29.000000 0.000000 0.000000 0.000000 -1.531810 2.317192
28.000000 0.000000 0.000000 0.000000 -1.536237 2.321619
27.000000 0.000000 0.000000 0.000000 -1.540654 2.326035
26.000000 0.000000 0.000000 0.000000 -1.545060 2.330441
25.000000 0.000000 0.000000 0.000000 -1.549455 2.334837
24.000000 0.000000 0.000000 0.000000 -1.553840 2.339222
23.000000 0.000000 0.000000 0.000000 -1.558215 2.343596
22.000000 0.000000 0.000000 0.000000 -1.562578 2.347959
21.000000 0.000000 0.000000 0.000000 -1.566930 2.352312
20.000000 0.000000 0.000000 0.000000 -1.571271 2.356653
19.000000 0.000000 0.000000 0.000000 -1.575601 2.360982
18.000000 0.000000 0.000000 0.000000 -1.579919 2.365301
17.000000 0.000000 0.000000 0.000000 -1.584226 2.369607
16.000000 0.000000 0.000000 0.000000 -1.588521 2.373902
15.000000 0.000000 0.000000 0.000000 -1.592804 2.378185
14.000000 0.000000 0.000000 0.000000 -1.597075 2.382456
13.000000 0.000000 0.000000 0.000000 -1.601334 2.386715
12.000000 0.000000 0.000000 0.000000 -1.605580 2.390962
11.000000 0.000000 0.000000 0.000000 -1.609814 2.395196
10.000000 0.000000 0.000000 0.000000 -1.614036 2.399418
9.000000 0.000000 0.000000 0.000000 -1.618245 2.403626
8.000000 0.000000 0.000000 0.000000 -1.622441 2.407823
7.000000 0.000000 0.000000 0.000000 -1.626624 2.412006
6.000000 0.000000 0.000000 0.000000 -1.630794 2.416176
5.000000 0.000000 0.000000 0.000000 -1.634951 2.420333
4.000000 0.000000 0.000000 0.000000 -1.639095 2.424476
3.000000 0.000000 0.000000 0.000000 -1.643225 2.428606
2.000000 0.000000 0.000000 0.000000 -1.647341 2.432722
1.000000 0.000000 0.000000 0.000000 -1.651444 2.436825
1.000000 0.000000 0.000000 0.000000 -1.651444 2.436825
